0000000100000000000000000000000000000000000000000000010000000000000000000000000000000000000000000000000000000000000000
0000011110000011100000000000000000000000000011100000111100000000000000000000000000000000000000000000000000000000000000
0110110001000100000000000000000000000000000000010001000110110000000000000000000000000000000000000000000000000000000000
0110010000011100001000100000000000000010001000011100000100110000000000000000000000000000000000000000000000000000000000
1001000000010101111101111000000000001111011111010100000001001000000000000000000000000000000000000000000000000000000000
0000000001000000100101000101100011010001010010000001000000000000000000000000000000000000000000000000000000000000000000
0000000000100000000000000001100011000000000000000010000000000000000000000000000000000000000000000000000000000000000000
0000000000000000000000100010010100100010000000000000000000000000000000000000000000000000000000000000000000000000000000
0000000000000000000000101000000000001010000000000000000000000000000000000000000000000000000000000000000000000000000000
0000000000000000000000010000000000000100000000000000000000000000000000000000000000000000000000000000000000000000000000
0000000000000000000000110001000001000110000000000000000000000000000000000000000000000000000000000000000000000000000000
0000000000000000000001100111100011110011000000000000000000000000000000000000000000000000000000000000000000000000000000
0000000000000000000000000100010100010000000000000000000000000000000000000000000000000000000000000000000000000000000000
0000000000000000000001100000010100000011000000000000000000000000000000000000000000000000000000000000000000000000000000
0000000000000000000000100001010101000010000000000000000000000000000000000000000000000000000000000000000000000000000000
0000000000000000000001000011010101100001000000000000000000000000000000000000000000000000000000000000000000000000000000
0000000000000000000000110100010100010110000000000000000000000000000000000000000000000000000000000000000000000000000000
0000000000000000000000111100110110011110000000000000000000000000000000000000000000000000000000000000000000000000000000
0000000000000000000001100010010100100011000000000000000000000000000000000000000000000000000000000000000000000000000000
0000000000000000000000000000100010000000000000000000000000000000000000000000000000000000000000000000000000000000000000
0000000000000000000000000000000000000000000000000000000000000000000000000000000000000000000000000000000000000000000000
0000000000000000000000000000000000000000000000000000000000000000000000000000000000000000000000000000000000000000000000
0000000000000000000000000000000000000000000000000000000000000000000000000000000000000000000000000000000000000000000000
0000000000000000000000000000000000000000000000000000000000000000000000000000000000000000000000000000000000000000000000
0000000000000000000000000000000000000000000000000000000000000000000000000000000000000000000000000000000000000000000000
0000000000000000000000000000000000000000000000000000000000000000000000000000000000000000000000000000000000000000000000
0000000000000000000000000000000000000000000000000000000000000000000000000000000000000000000000000000000000000000000000
0000000000000000000000000000000000000000000000000000000000000000000000000000000000000000000000000000000000000000000000
0000000000000000000000000000000000000000000000000000000000000000000000000000000000000000000000000000000000000000000000
0000000000000000000000000000000000000000000000000000000000000000000000000000000000000000000000000000000000000000000000
0000000000000000000000000000000000000000000000000000000000000000000000000000000000000000000000000000000000000000000000
0000000000000000000000000000000000000011100000000001110000000000000000000000011100000000001110000000000000000000000000
0000000000000000000000000000000000000001010000000010100000000000000000000000001010000000010100000000000000000000000000
0000000000000000000000000000000000000000010000000010000000000000000000000000000010000000010000000000000000000000000000
0000000000000000000000000000000000001011111000000111110100000000000000000001011111000000111110100000000000000000000000
0000000000000000000000000000000000001011000110011000110100000000000000000001011000110011000110100000000000000000000000
0000000000000000000000000000000000011000001110011100000110000000000000000011000001110011100000110000000000000000000000
0000000000000000000000000000000000000000110110011011000000000000000000000000000110110011011000000000000000000000000000
0000000000000000000000000000000000000000000000000000000000000000000000000000000000000000000000000000000000000000000000
0000000000000000000000000000000000000001000000000000100000000000000000000000001000000000000100000000000000000000000000
0000000000000000000000000000000000000000111000000111000000000000000000000000000111000000111000000000000000000000000000
0000000000000000000000000000000000000001111000000111100000000000000000000000001111000000111100000000000000000000000000
0000000000000000000000000000000000000011000000000000110000000000000000000000011000000000000110000000000000000000000000
0000000000000000000000000000000000000001000000000000100000000000000000000000001000000000000100000000000000000000000000
0000000000000000000000000000000000000111000000000000111000000000000000000000111000000000000111000000000000000000000000
0000000000000000000000000000000000000100000000000000001000000000000000000000100000000000000001000000000000000000000000
0000000000000000000000000000000000000000100000000001000000000000000000000000000100000000001000000000000000000000000000
0000000000000000000000000000000000000010100000000001010000000000000000000000010100000000001010000000000000000000000000
0000000000000000000000000000000000000100011000000110001000000000000000000000100011000000110001000000000000000000000000
0000000000000000000000000000000000000010000010010000010000000000000000000000010000010010000010000000000000000000000000
0000000000000000000000000000000000000000000010010000000000000000000000000000000000010010000000000000000000000000000000
0000000000000000000000000000000000001011000010010000110100000000000000000001011000010010000110100000000000000000000000
0000000000000000000000000000000000001000111010010111000100000000000000000001000111010010111000100000000000000000000000
0000000000000000000000000000000000000100000010010000001000000000000000000000100000010010000001000000000000000000000000
0000000000000000000000000000000000001001100010010001100100000000000000000001001100010010001100100000000000000000000000
0000000000000000000000000000000000001001101010010101100100000000000000000001001101010010101100100000000000000000000000
0000000000000000000000000000000000000000100100001001000000000000000000000000000100100001001000000000000000000000000000
0000000000000000000000000000000000000000010100001010000000000000000000000000000010100001010000000000000000000000000000
0000000000000000000000000000000000000000000000000000000000000010000010000000000000000000000000000000000000000000000000
0000000000000000000000000000000000000001101011110101100000000010000010000000001101011110101100000000000000000000000000
0000000000000000000000000000000000000000000001100000000000000101000101000000000000001100000000000000000000000000000000
0000000000000000000000000000000000000101100000000001101000000010000010000000101100000000001101000000000000000000000000
0000000000000000000000000000000000011001000110011000100110000010000010000011001000110011000100110000000000000000000000
0000000000000000000000000000000000001101000000000000101100000000000000000001101000000000000101100000000000000000000000
0000000000000000000000000000000000000011010000000010110000000000000000000000011010000000010110000000000000000000000000
0000000000000000000000000000000000000001001000000100100000000000000000000000001001000000100100000000000000000000000000
0000000000000000000000000000000000001100100100001001001100001100000001100001100100100001001001100000000000000000000000
0000000000000000000000000000000000001000001100001100000100000101000101000001000001100001100000100000000000000000000000
0000000000000000000000000000000000001110001000000100011100000010000010000001110001000000100011100000000000000000000000
0000000000000000000000000000000000000011110000000011110000000000000000000000011110000000011110000000000000000000000000
0000000000000000000000000000000000000001001000000100100000000000000000000000001001000000100100000000000000000000000000
0000000000000000000000000000000000000001000000000000100000000000000000000000001000000000000100000000000000000000000000
0000000000000000000000000000000000000001011000000110100000000000000000000000001011000000110100000000000000000000000000
0000000000000000000000000000000000000000100000000001000000000000000000000000000100000000001000000000000000000000000000
0000000000000000000000000000000000000000000000000000000000000000000000000000000000000000000000000000000000000000000000
0000000000000000000000000000000000000000000000000000000000000000000000000000000000000000000000000000000000000000000000
0000000000000000000000000000000000000000000000000000000000000000000000000000000000000000000000000000000000000000000000
0000000000000000000000000000000000000000000000000000000000000000000000000000000000000000000000000000000000000000000000
0000000000000000000000000000000000001000000010000000000000000000000000000000000000000000000000000000000000000000000000
0000000000000000000000000000001101010110001101010110000000000000000000000000000000000000000000000000000000000000000000
0000000000000000000000000001110101110000000001110101110000000000000000000000000000000000000000000000000000000000000000
0000000000000000000000000001000101000001010000010100010000000000000000000000000000000000000000000000000000000000000000
0000000000000000000000000000000110000001010000001100000000000000000000000000000000000000000000000000000000000000000000
0000000000000000000000000000110000000001010000000001100000000000000000000000000000000000000000000000000000000000000000
0000000000000000000000000000110110000000000000001101100000000000000000000000000000000000000000000000000000000000000000
0000000000000000000000000000000010000000000000001000000000000000000000000000000000000000000000000000000000000000000000
0000000000000000000000000000000000000000000000000000000000000000000000000000000000000000000000000000000000000000000000
0000000000000000000000000000000000000000000000000000000000000000000000000000000000000000000000000000000000000000000000
0000000000000000000000000000000000000000000000000000000000000000000000000000000000000000000000000000000000000000000000
0000000000000000000000000000000000000000000000000000000000000000000000000000000000000000000000000000000000000000000000
0000000000000000000000000000000000000000000000000000000000000000000000000000000000000000000000000000000000000000000000
0000000000000000000000000000000000000000000000000000000000000000000000000000000000000000000000000000000000000000000000
0000000000000000000000000000000000000000000000000000000000000000000000000000000000000000000000000000000000000000000000
0000000000000000000000000000000000000000000000000000000000000000000000000000000000000000000000000000000000000000000000
0000000000000000000000000000000000000000000000000000000000000000000000000000000000000000000000000000000000000000000000
0000000000000000000000000000000000000000000000000000000000000000000000000000000000000000000000000000000000000000000000
0000000000000000000000000000000000000000000000000000000000000000000000000000000000000000000000000000000000000000000000
0000000000000000000000000000000000000000000000000000000000000000000000000000000000000000000000000000000000000000000000
0000000000000000000000000000000000000000000000000000000000000000000000000000000000000000000000000000000000000000000000
0000000000000000000000000000000000000000000000000000000000000000000000000000000000000000000000000000000000000000000000
0000000000000000000000000000000000000000000000000000000000000000000000000000000000000000000000000000000000000000000000
0000000000000000000000000000000000000000000000000000000000000000100000000000000000000000000000000000000000000010000000
0000000000000000000000000000000000000000000000000000000000000011110000011100000000000000000000000000011100000111100000
0000000000000000000000000000000000000000000000000000000000110110001000100000000000000000000000000000000010001000110110
0000000000000000000000000000000000000000000000000000000000110010000011100001000100000000000000010001000011100000100110
0000000000000000000000000000000000000000000000000000000001001000000010101111101111000000000001111011111010100000001001
0000000000000000000000000000000000000000000000000000000000000000001000000100101000101100011010001010010000001000000000
0000000000000000000000000000000000000000000000000000000000000000000100000000000000001100011000000000000000010000000000
0000000000000000000000000000000000000000000000000000000000000000000000000000000100010010100100010000000000000000000000
0000000000000000000000000000000000000000000000000000000000000000000000000000000101000000000001010000000000000000000000
0000000000000000000000000000000000000000000000000000000000000000000000000000000010000000000000100000000000000000000000
0000000000000000000000000000000000000000000000000000000000000000000000000000000110001000001000110000000000000000000000
0000000000000000000000000000000000000000000000000000000000000000000000000000001100111100011110011000000000000000000000
0000000000000000000000000000000000000000000000000000000000000000000000000000000000100010100010000000000000000000000000
0000000000000000000000000000000000000000000000000000000000000000000000000000001100000010100000011000000000000000000000
0000000000000000000000000000000000000000000000000000000000000000000000000000000100001010101000010000000000000000000000
0000000000000000000000000000000000000000000000000000000000000000000000000000001000011010101100001000000000000000000000
0000000000000000000000000000000000000000000000000000000000000000000000000000000110100010100010110000000000000000000000
0000000000000000000000000000000000000000000000000000000000000000000000000000000111100110110011110000000000000000000000
0000000000000000000000000000000000000000000000000000000000000000000000000000001100010010100100011000000000000000000000
0000000000000000000000000000000000000000000000000000000000000000000000000000000000000100010000000000000000000000000000
0000000000000000000000000000000000000000000000000000000000000000000000000000000000000000000000000000000000000000000000
